                       10            0.09090909091             -1.179697782
                      100           0.009900990099             -3.088036832
                     1000          0.0009990009990             -5.080051571
                    10000          9.999000100E-05             -7.079269996
                   100000          9.999900001E-06             -9.080551979
                  1000000          9.999990000E-07             -13.82884426
                     1000          0.0009990009990             -5.080051571
                       10            0.09090909091             -1.179697782
                       10            0.09090909091             -1.179697782
                      100           0.009900990099             -3.088036832
                     1000          0.0009990009990             -5.080051571
                    10000          9.999000100E-05             -7.079269960
                   100000          9.999900001E-06             -9.080565536
                  1000000          9.999990000E-07             -13.59476106
